Code	Sexualization	partnergender	Participantgender	Age	Player	Hourweek	USFIVPlayer	Sesistjokes	VGDifficulty	VGFun	VGFrustration	VGExcitement	VGcompetitive	VGreaslit	VGviolent	HS	BS	GA	ODS	Suspicious
1	"NS"	"M"	"F"	24	"N"	0	"N"	2	9	2	8	2	10	1	10	36	25	21	30	"No"
2	"S"	"F"	"M"	24	"Y"	4	"N"	1	6	3	8	4	8	2	8	16	19	19	20	"No"
3	"S"	"F"	"F"	22	"N"	0	"N"	2	8	2	3	3	10	1	10	14	13	31	47	"No"
4	"S"	"F"	"F"	22	"N"	0	"N"	3	8	3	7	3	8	3	7	28	22	21	27	"No"
5	"NS"	"F"	"F"	23	"N"	0	"N"	1	8	4	9	5	7	5	7	3	12	23	34	"No"
6	"S"	"M"	"F"	21	"N"	0	"N"	6	6	4	8	4	7	2	7	33	31	21	38	"No"
7	"NS"	"F"	"M"	21	"Y"	6	"N"	2	9	1	6	1	7	1	1	0	5	14	24	"No"
8	"S"	"M"	"F"	19	"N"	0	"N"	2	9	2	9	3	10	1	10	36	14	30	35	"No"
9	"NS"	"M"	"F"	22	"Y"	2	"N"	3	9	2	9	6	3	4	6	9	18	31	33	"No"
10	"NS"	"F"	"F"	23	"N"	0	"N"	3	7	7	6	6	7	6	8	21	29	32	45	"No"
11	"S"	"M"	"M"	20	"Y"	5	"N"	2	7	6	4	6	5	2	8	1	1	22	32	"No"
12	"S"	"F"	"F"	25	"N"	0	"N"	2	8	2	8	2	3	3	8	11	20	23	33	"No"
13	"NS"	"M"	"F"	24	"Y"	2	"N"	5	9	4	8	1	6	2	8	21	16	22	29	"No"
14	"NS"	"F"	"F"	23	"N"	0	"N"	1	7	4	6	4	7	2	10	8	4	15	23	"No"
15	"NS"	"F"	"F"	22	"N"	0	"N"	1	8	1	7	1	6	1	9	8	8	12	29	"No"
16	"NS"	"F"	"M"	23	"Y"	9	"N"	0	7	8	7	4	6	3	7	17	30	22	35	"No"
17	"S"	"M"	"F"	18	"N"	0	"N"	4	7	2	7	2	5	1	9	14	16	12	35	"No"
18	"S"	"M"	"F"	24	"N"	0	"N"	1	10	3	10	8	10	1	10	36	32	51	40	"No"
19	"S"	"F"	"F"	18	"N"	0	"N"	2	7	4	1	1	10	1	9	10	16	28	26	"No"
20	"S"	"M"	"M"	18	"Y"	20	"N"	1	8	4	8	3	9	1	9	48	19	30	46	"No"
21	"S"	"M"	"M"	26	"N"	0	"N"	3	7	4	7	6	7	5	8	21	11	25	31	"No"
22	"S"	"M"	"F"	19	"N"	0	"N"	4	1	7	1	1	6	1	4	51	0	29	22	"No"
23	"NS"	"M"	"M"	18	"Y"	45	"N"	4	2	8	2	6	9	2	8	38	16	29	40	"No"
24	"S"	"F"	"M"	19	"Y"	5	"N"	6	8	7	7	7	4	3	5	19	22	37	45	"No"
25	"S"	"M"	"F"	23	"N"	0	"N"	2	8	4	7	6	5	1	7	11	13	30	25	"No"
26	"S"	"M"	"F"	19	"Y"	10	"N"	6	7	1	10	8	8	4	8	7	8	41	41	"No"
27	"NS"	"F"	"F"	20	"N"	0	"N"	5	7	4	10	2	8	1	8	20	9	26	43	"No"
28	"NS"	"M"	"F"	28	"N"	0	"N"	5	10	2	10	1	1	1	10	19	11	24	30	"No"
29	"NS"	"M"	"F"	24	"Y"	5	"N"	1	7	5	9	7	8	1	9	28	27	20	39	"No"
30	"NS"	"M"	"F"	24	"Y"	0.5	"N"	3	6	1	4	1	3	1	5	6	1	34	29	"No"
31	"NS"	"M"	"M"	18	"Y"	4	"N"	4	7	6	7	6	6	7	8	11	19	24	36	"No"
32	"S"	"F"	"F"	18	"Y"	2	"N"	2	7	5	4	4	8	4	8	22	30	27	38	"No"
33	"S"	"F"	"F"	24	"Y"	3	"N"	1	8	6	2	2	8	2	5	0	1	21	24	"No"
34	"S"	"M"	"F"	22	"Y"	1	"N"	2	8	7	9	1	7	2	6	11	17	14	42	"No"
35	"NS"	"F"	"M"	22	"Y"	17.5	"N"	1	8	3	10	4	6	1	9	20	23	18	36	"No"
36	"NS"	"F"	"M"	23	"N"	0	"N"	1	7	5	7	5	6	4	7	1	8	12	20	"No"
37	"NS"	"F"	"F"	24	"Y"	20	"N"	5	7	5	9	3	3	2	10	29	8	36	33	"No"
38	"NS"	"F"	"F"	22	"Y"	1	"N"	1	8	6	9	9	5	1	10	0	3	28	29	"No"
39	"NS"	"F"	"F"	19	"N"	0	"N"	1	4	1	8	1	1	1	9	6	3	11	20	"No"
40	"S"	"M"	"F"	19	"Y"	3	"N"	2	9	3	10	6	7	1	7	9	7	42	33	"No"
41	"NS"	"M"	"F"	22	"N"	0	"N"	3	4	7	3	8	8	8	6	6	29	29	38	"No"
42	"S"	"F"	"F"	24	"N"	0	"N"	5	4	2	2	3	8	1	10	31	13	29	37	"No"
43	"S"	"F"	"M"	18	"Y"	3	"N"	6	4	8	1	4	4	3	9	3	3	9	11	"No"
44	"S"	"F"	"M"	19	"Y"	18	"N"	1	4	4	9	2	4	2	5	27	30	32	39	"No"
45	"S"	"F"	"F"	21	"N"	0	"N"	2	5	6	8	2	7	1	6	26	20	30	33	"No"
46	"S"	"M"	"M"	19	"Y"	5	"N"	2	5	5	3	4	7	6	8	34	28	22	44	"No"
47	"NS"	"M"	"F"	30	"N"	0	"N"	1	7	8	7	5	8	2	9	11	14	34	37	"No"
48	"NS"	"M"	"F"	18	"Y"	6	"N"	4	5	5	1	1	5	1	2	32	21	32	41	"No"
49	"S"	"F"	"F"	20	"Y"	4.5	"N"	3	5	2	8	1	7	1	2	14	14	15	40	"No"
50	"NS"	"F"	"F"	18	"Y"	2	"N"	2	6	5	2	2	6	2	5	36	20	36	29	"No"
51	"S"	"F"	"M"	26	"Y"	14	"N"	4	8	6	7	5	3	4	6	36	31	30	46	"No"
52	"NS"	"M"	"F"	20	"N"	0	"N"	2	7	1	9	1	1	1	10	1	0	15	22	"No"
53	"NS"	"F"	"F"	24	"N"	0	"N"	1	7	4	8	3	8	1	4	6	13	24	33	"No"
54	"NS"	"M"	"M"	20	"Y"	14	"N"	4	7	4	6	6	7	3	7	17	22	21	31	"No"
55	"S"	"F"	"F"	23	"N"	0	"N"	1	4	6	10	7	10	1	9	17	3	21	39	"No"
56	"NS"	"M"	"F"	19	"N"	0	"N"	3	5	9	7	8	9	2	7	11	6	22	28	"No"
57	"S"	"F"	"M"	23	"Y"	25	"N"	5	7	7	2	7	9	1	10	13	15	9	35	"No"
58	"NS"	"F"	"M"	27	"Y"	15	"N"	1	6	3	1	1	6	1	5	11	23	27	31	"No"
59	"S"	"M"	"M"	24	"Y"	3	"N"	3	2	7	5	5	6	1	7	31	25	19	44	"No"
60	"S"	"M"	"F"	28	"N"	0	"N"	1	3	1	6	1	1	1	7	0	0	13	40	"No"
61	"NS"	"M"	"M"	23	"Y"	20	"N"	5	3	4	3	5	6	2	6	14	20	21	44	"No"
62	"NS"	"M"	"M"	22	"Y"	15	"N"	4	8	4	8	4	8	2	7	14	16	29	39	"No"
63	"NS"	"M"	"M"	28	"Y"	4	"N"	3	8	7	7	2	1	1	5	0	0	20	28	"No"
64	"NS"	"M"	"M"	21	"Y"	20	"N"	0	9	7	9	4	5	1	8	14	11	20	43	"No"
65	"S"	"F"	"M"	23	"Y"	40	"N"	3	6	7	5	7	10	2	7	16	20	21	35	"No"
66	"NS"	"M"	"F"	22	"N"	0	"N"	7	5	4	7	6	8	6	8	24	27	40	39	"No"
67	"NS"	"M"	"F"	21	"N"	0	"N"	2	7	4	4	5	8	1	10	16	23	26	34	"No"
68	"S"	"F"	"M"	26	"Y"	10	"N"	0	9	2	10	6	7	1	8	16	8	15	29	"No"
69	"S"	"M"	"M"	25	"Y"	1	"N"	1	6	4	2	3	8	2	8	11	25	22	36	"No"
70	"S"	"M"	"M"	23	"Y"	3	"N"	3	8	8	9	8	4	1	2	6	42	24	31	"No"
71	"NS"	"F"	"F"	24	"N"	0	"N"	1	8	7	8	5	8	4	5	9	9	20	23	"No"
72	"NS"	"F"	"M"	19	"Y"	21	"N"	0	8	4	9	7	8	3	4	9	20	25	33	"No"
73	"S"	"F"	"M"	22	"Y"	8	"N"	4	7	7	10	7	8	1	9	12	6	25	31	"No"
74	"S"	"M"	"M"	26	"Y"	18	"N"	3	7	4	7	3	5	2	7	18	10	26	46	"No"
75	"NS"	"M"	"M"	27	"Y"	20	"N"	2	6	3	6	2	7	2	7	23	22	26	45	"No"
76	"NS"	"F"	"M"	25	"N"	0	"N"	2	7	4	6	4	5	2	5	19	13	26	33	"No"
77	"S"	"M"	"M"	26	"Y"	14	"N"	3	8	2	9	7	8	2	7	23	10	15	41	"No"
78	"S"	"M"	"F"	21	"Y"	0	"N"	0	9	2	9	2	8	2	9	12	8	24	36	"No"
79	"S"	"M"	"M"	21	"Y"	15	"N"	1	3	8	2	9	2	1	8	20	11	19	42	"No"
80	"NS"	"M"	"M"	25	"Y"	2	"N"	4	9	3	8	3	10	1	9	1	6	27	45	"No"
81	"S"	"M"	"F"	18	"Y"	50	"N"	6	5	7	8	4	9	3	10	14	18	29	28	"No"
82	"NS"	"F"	"M"	23	"Y"	6	"N"	2	6	5	8	2	5	1	3	20	14	24	43	"No"
83	"S"	"M"	"F"	24	"N"	0	"N"	3	8	7	7	6	7	3	8	8	21	25	35	"No"
84	"S"	"F"	"F"	23	"N"	0	"N"	1	8	4	9	1	7	1	10	17	5	31	38	"No"
85	"NS"	"F"	"M"	18	"N"	0	"N"	1	5	7	7	5	8	5	8	13	40	16	40	"No"
86	"NS"	"F"	"F"	27	"Y"	0.25	"N"	2	9	6	8	8	8	6	7	30	28	22	27	"No"
87	"NS"	"F"	"F"	18	"Y"	1	"N"	1	6	4	4	2	4	2	7	11	7	21	26	"No"
88	"NS"	"M"	"M"	23	"Y"	10	"N"	4	6	5	7	6	4	1	2	19	16	19	41	"No"
89	"S"	"M"	"M"	20	"N"	0	"N"	4	8	5	9	4	7	2	6	21	19	30	41	"No"
90	"NS"	"M"	"M"	20	"N"	0	"N"	2	5	7	4	5	7	3	6	36	27	28	32	"No"
91	"NS"	"F"	"M"	30	"N"	0	"N"	2	7	5	7	6	4	3	6	11	14	25	27	"No"
92	"NS"	"F"	"F"	20	"N"	0	"N"	2	4	6	7	5	8	2	9	38	14	23	36	"No"
93	"S"	"F"	"F"	21	"N"	0	"N"	2	8	3	8	1	5	1	5	27	19	31	44	"No"
94	"NS"	"F"	"M"	25	"Y"	13	"N"	3	4	4	6	6	8	2	8	29	36	27	43	"No"
95	"S"	"M"	"F"	18	"N"	0	"N"	2	6	3	10	4	8	4	7	30	26	24	29	"No"
96	"NS"	"M"	"F"	18	"N"	0	"N"	6	6	8	7	7	10	1	9	34	19	30	40	"No"
97	"NS"	"M"	"F"	23	"N"	0	"N"	6	10	1	10	1	10	1	10	16	25	18	29	"No"
98	"NS"	"F"	"F"	20	"N"	0	"N"	3	3	4	3	3	3	2	5	19	19	34	37	"No"
99	"S"	"F"	"F"	18	"N"	0	"N"	2	7	3	4	1	4	1	6	7	0	34	30	"No"
100	"NS"	"M"	"M"	18	"Y"	1	"N"	2	7	7	8	5	4	3	7	15	16	25	32	"No"
101	"NS"	"F"	"F"	21	"N"	0	"N"	2	9	5	2	3	5	1	6	7	24	17	28	"No"
102	"S"	"M"	"F"	23	"N"	0	"N"	2	9	5	10	3	8	1	10	24	12	31	44	"No"
103	"S"	"M"	"M"	21	"Y"	30	"N"	5	8	6	5	3	8	1	5	15	32	20	26	"No"
104	"S"	"F"	"F"	18	"Y"	30	"N"	4	7	6	7	6	7	3	7	22	20	14	17	"No"
105	"S"	"F"	"F"	28	"N"	0	"N"	2	1	2	10	1	10	1	10	0	3	11	27	"No"
106	"S"	"F"	"M"	22	"Y"	10	"N"	6	4	8	5	7	1	1	8	31	29	34	38	"No"
107	"NS"	"F"	"M"	19	"Y"	15	"N"	2	8	6	4	5	9	3	7	16	14	14	33	"No"
108	"S"	"M"	"M"	21	"Y"	10	"N"	4	8	3	9	4	9	1	8	33	23	12	39	"No"
109	"NS"	"M"	"M"	24	"Y"	10	"N"	4	7	4	2	5	8	2	7	42	37	37	31	"No"
110	"S"	"M"	"M"	22	"N"	0	"N"	3	6	4	7	6	8	3	7	30	27	29	38	"No"
111	"S"	"F"	"M"	23	"Y"	30	"N"	2	4	2	2	2	7	2	4	21	19	27	46	"No"
112	"S"	"F"	"M"	19	"N"	0	"N"	2	4	5	6	5	8	2	8	26	24	18	36	"No"
113	"NS"	"F"	"M"	23	"N"	0	"N"	3	9	3	8	4	6	2	8	12	23	18	27	"No"
114	"NS"	"M"	"M"	21	"Y"	15	"N"	3	7	7	9	8	3	1	9	20	16	35	47	"No"
115	"NS"	"M"	"M"	20	"Y"	40	"N"	3	9	9	7	7	7	3	10	25	25	35	40	"No"
116	"S"	"F"	"M"	23	"Y"	15	"N"	2	7	4	7	4	3	4	5	35	28	32	38	"No"
117	"NS"	"M"	"M"	19	"Y"	10	"N"	3	7	7	8	7	7	7	8	32	24	27	37	"No"
118	"S"	"M"	"M"	24	"Y"	10	"N"	3	5	8	6	5	8	2	3	34	21	28	52	"No"
119	"NS"	"F"	"M"	23	"Y"	0.25	"N"	4	7	7	6	4	4	1	5	35	26	23	22	"No"
120	"S"	"F"	"M"	24	"Y"	5	"N"	2	6	5	4	5	7	1	5	11	41	26	38	"No"
121	"S"	"M"	"F"	22	"N"	0	"N"	3	7	5	7	6	8	3	8	5	5	12	33	"Yes"
122	"S"	"F"	"F"	24	"N"	0	"N"	2	4	5	7	6	8	3	8	11	4	30	33	"No"
123	"S"	"F"	"F"	18	"Y"	10	"N"	2	4	5	7	2	8	3	7	6	3	27	36	"No"
124	"NS"	"F"	"M"	22	"Y"	60	"N"	1	5	8	5	7	10	4	10	9	10	27	36	"No"
125	"NS"	"F"	"M"	20	"Y"	15	"N"	1	7	7	4	6	8	2	8	6	21	30	30	"No"
126	"NS"	"F"	"F"	20	"Y"	5	"N"	0	4	2	6	3	9	1	10	0	0	24	31	"Yes"
127	"S"	"M"	"M"	23	"Y"	28	"N"	2	4	4	1	1	5	2	7	27	13	17	26	"No"
128	"S"	"F"	"M"	22	"Y"	10	"N"	2	8	2	10	1	5	1	10	23	25	27	32	"No"
129	"S"	"M"	"F"	19	"N"	0	"N"	8	8	6	6	5	4	6	6	26	27	20	21	"No"
130	"S"	"F"	"F"	23	"N"	0	"N"	5	8	5	9	5	9	1	6	6	10	19	15	"No"
131	"S"	"F"	"F"	19	"N"	0	"N"	3	3	1	1	1	1	1	7	20	19	31	28	"No"
132	"S"	"F"	"M"	20	"N"	0	"N"	0	8	7	9	10	10	1	8	3	2	17	46	"No"
133	"NS"	"F"	"F"	21	"N"	0	"N"	4	2	6	3	2	9	2	4	31	28	22	29	"No"
134	"NS"	"F"	"F"	20	"N"	0	"N"	1	5	3	7	3	7	1	9	18	9	14	32	"Yes"
135	"NS"	"M"	"M"	23	"Y"	2	"N"	2	2	3	9	6	1	1	9	12	25	32	44	"No"
136	"NS"	"M"	"M"	23	"Y"	1.5	"N"	1	2	1	10	1	2	2	7	1	0	17	24	"No"
137	"NS"	"F"	"F"	23	"N"	0	"N"	2	5	6	7	6	8	3	6	27	21	32	31	"No"
138	"S"	"M"	"F"	23	"N"	0	"N"	1	1	6	8	4	1	1	7	5	5	20	25	"No"
139	"S"	"F"	"F"	18	"Y"	8	"N"	4	5	4	7	3	9	4	8	17	17	34	41	"Yes"
140	"S"	"F"	"F"	23	"Y"	7	"N"	1	5	5	6	7	7	1	5	2	0	20	28	"No"
141	"NS"	"F"	"M"	19	"N"	0	"N"	2	5	7	10	3	6	5	7	15	18	17	38	"No"
142	"NS"	"M"	"M"	22	"Y"	5	"N"	2	4	1	6	1	1	5	8	32	14	12	32	"No"
143	"NS"	"F"	"M"	22	"Y"	3	"N"	2	4	9	7	3	9	1	9	31	31	21	35	"No"
144	"S"	"M"	"F"	20	"N"	0	"N"	2	2	6	7	4	8	1	8	14	8	18	25	"No"
145	"S"	"F"	"F"	22	"N"	0	"N"	4	7	3	6	1	7	1	4	21	20	24	45	"No"
146	"NS"	"M"	"F"	20	"N"	0	"N"	2	2	5	7	7	8	1	10	31	24	35	51	"No"
147	"NS"	"F"	"F"	18	"N"	0	"N"	1	7	5	6	4	4	1	3	12	23	25	44	"No"
148	"NS"	"M"	"F"	19	"N"	0	"N"	2	7	3	6	2	7	4	7	8	4	28	37	"No"
149	"NS"	"M"	"M"	23	"Y"	16	"N"	0	5	7	7	7	8	3	7	5	16	19	32	"No"
150	"NS"	"F"	"M"	21	"Y"	5	"N"	1	4	7	4	3	9	2	7	33	29	38	42	"No"
151	"NS"	"M"	"F"	19	"N"	0	"N"	5	1	3	8	5	7	1	7	27	24	33	33	"No"
152	"S"	"M"	"F"	18	"N"	0	"N"	4	3	2	8	2	6	1	7	18	21	29	38	"No"
153	"S"	"F"	"M"	23	"Y"	2.5	"N"	1	6	6	9	6	8	6	8	27	27	22	32	"No"
154	"NS"	"M"	"M"	18	"Y"	1	"N"	3	4	6	9	7	8	1	2	4	14	19	29	"No"
155	"NS"	"M"	"F"	18	"N"	0	"N"	6	3	1	6	2	1	1	10	38	14	26	25	"No"
156	"S"	"M"	"M"	20	"Y"	15	"N"	2	6	7	4	6	7	1	8	18	29	27	35	"No"
157	"S"	"M"	"F"	21	"N"	0	"N"	2	8	2	7	3	2	1	3	3	0	25	35	"No"
158	"S"	"M"	"M"	20	"Y"	20	"N"	1	7	5	9	6	8	6	10	34	19	32	48	"No"
159	"NS"	"M"	"F"	22	"N"	0	"N"	5	8	2	4	2	6	2	7	22	16	28	30	"No"
160	"NS"	"F"	"M"	19	"Y"	2	"N"	2	7	1	8	2	2	2	6	13	11	23	34	"No"
161	"NS"	"M"	"M"	19	"Y"	10	"N"	5	7	4	6	3	8	2	7	40	34	25	49	"No"
162	"NS"	"F"	"F"	20	"N"	0	"N"	2	7	5	10	3	9	1	8	24	24	15	27	"No"
163	"S"	"M"	"F"	23	"N"	0	"N"	4	5	3	8	5	5	1	7	15	11	27	24	"No"
164	"NS"	"F"	"F"	19	"N"	0	"N"	1	7	2	6	1	7	1	5	18	20	31	24	"No"
165	"NS"	"F"	"M"	22	"N"	0	"N"	2	3	5	2	2	2	5	5	6	9	30	32	"No"
166	"S"	"F"	"F"	19	"Y"	2	"N"	3	3	8	6	5	8	3	6	1	0	15	28	"No"
167	"S"	"F"	"F"	23	"Y"	21	"N"	5	7	6	8	4	5	3	3	39	20	43	31	"No"
168	"NS"	"M"	"F"	27	"N"	0	"N"	2	3	5	6	6	6	2	8	23	20	30	40	"No"
169	"NS"	"M"	"F"	23	"N"	0	"N"	1	7	3	9	4	9	3	9	8	7	17	41	"No"
170	"NS"	"F"	"M"	19	"N"	0	"N"	2	5	7	10	3	6	5	7	15	18	17	38	"No"
171	"S"	"F"	"M"	20	"Y"	28	"N"	2	3	2	1	1	1	3	6	9	8	22	42	"Yes"
172	"NS"	"M"	"M"	24	"Y"	35	"N"	0	8	3	10	10	10	1	7	24	9	23	49	"No"
173	"S"	"M"	"M"	25	"Y"	35	"N"	2	5	7	5	6	8	1	7	11	8	27	48	"No"
174	"S"	"M"	"M"	20	"Y"	4	"N"	1	5	3	1	2	7	1	4	16	26	21	42	"No"
175	"S"	"M"	"M"	27	"Y"	10	"N"	1	6	4	1	2	4	1	6	15	13	23	24	"No"
176	"NS"	"F"	"M"	25	"Y"	8	"N"	0	5	8	1	1	10	1	7	24	38	27	35	"No"
177	"NS"	"M"	"M"	19	"Y"	10	"N"	5	7	4	6	3	8	2	7	40	34	25	49	"No"
178	"NS"	"F"	"F"	19	"Y"	2	"N"	4	4	1	1	1	5	1	5	7	26	28	44	"No"
179	"NS"	"M"	"M"	20	"Y"	5	"N"	1	7	9	6	5	8	2	8	10	26	20	33	"No"
180	"S"	"M"	"M"	22	"Y"	2	"N"	4	3	2	5	4	7	2	4	10	13	15	28	"No"
181	"NS"	"F"	"F"	25	"N"	0	"N"	1	3	1	5	1	7	1	8	26	25	13	29	"No"
182	"NS"	"F"	"F"	26	"N"	0	"N"	1	3	2	1	5	5	1	2	0	6	20	41	"No"
183	"S"	"F"	"F"	22	"N"	0	"N"	1	7	3	8	3	10	1	8	5	11	16	28	"No"
184	"S"	"F"	"M"	26	"Y"	15	"N"	1	6	4	5	5	3	5	5	19	30	16	38	"No"
185	"S"	"M"	"F"	20	"N"	0	"N"	0	9	2	7	1	8	1	8	18	25	13	36	"No"
186	"NS"	"M"	"M"	18	"N"	0	"N"	3	10	1	1	1	5	1	3	39	35	28	39	"No"
187	"S"	"M"	"M"	19	"Y"	5.5	"N"	4	3	3	10	1	1	1	7	19	21	26	25	"No"
188	"S"	"M"	"M"	23	"Y"	2	"N"	4	7	6	1	5	8	3	2	31	44	34	44	"No"
189	"S"	"M"	"F"	18	"N"	0	"N"	2	8	1	8	1	7	1	3	4	6	23	31	"No"
190	"NS"	"F"	"F"	19	"N"	0	"N"	2	7	5	8	3	7	1	3	48	42	19	53	"No"
191	"NS"	"M"	"F"	20	"N"	0	"N"	4	7	8	6	9	9	2	3	11	18	12	26	"No"
192	"NS"	"F"	"M"	20	"Y"	2	"N"	1	6	5	7	7	8	3	6	17	21	20	42	"No"
193	"S"	"F"	"F"	21	"N"	0	"N"	7	6	5	5	6	8	2	9	29	44	22	35	"No"
194	"S"	"M"	"M"	21	"Y"	5	"N"	1	5	7	8	6	9	4	8	22	30	35	36	"No"
195	"S"	"F"	"M"	20	"Y"	28	"N"	0	8	3	8	4	10	1	7	15	44	25	36	"No"
196	"S"	"F"	"F"	20	"N"	0	"N"	0	6	2	8	4	10	1	10	0	0	28	31	"No"
197	"NS"	"F"	"M"	20	"Y"	10	"N"	5	8	3	10	3	2	2	5	35	22	39	42	"No"
198	"S"	"M"	"M"	23	"Y"	6	"N"	2	9	2	10	4	10	1	7	6	18	11	37	"No"
199	"NS"	"M"	"F"	22	"N"	0	"N"	3	3	3	7	2	7	2	4	24	14	16	33	"Yes"
200	"S"	"F"	"M"	22	"Y"	10	"N"	1	6	6	4	6	7	3	8	15	18	20	40	"Yes"
201	"NS"	"M"	"F"	26	"N"	0	"N"	2	10	1	5	1	6	2	10	21	10	12	33	"No"
202	"NS"	"M"	"M"	23	"Y"	14	"N"	4	7	1	10	1	1	4	10	19	24	24	21	"No"
203	"NS"	"M"	"F"	24	"N"	0	"N"	2	7	6	7	5	6	1	9	3	3	12	33	"No"
204	"S"	"F"	"M"	27	"Y"	1	"N"	1	7	3	5	7	7	1	7	22	17	26	41	"No"
205	"NS"	"F"	"F"	27	"N"	0	"N"	1	8	2	7	2	5	2	8	12	23	23	32	"No"
206	"S"	"M"	"F"	37	"N"	0	"N"	3	10	2	10	5	6	2	10	6	18	38	47	"No"
207	"S"	"M"	"F"	26	"N"	0	"N"	3	5	10	10	10	10	2	6	6	5	22	53	"No"
208	"S"	"F"	"M"	20	"Y"	1	"N"	1	5	3	5	2	2	2	7	18	11	13	0	"Yes"
209	"S"	"F"	"M"	20	"Y"	8	"N"	3	7	3	6	2	8	2	7	12	14	33	0	"Yes"
210	"S"	"F"	"M"	25	"N"	0	"N"	3	7	8	7	6	9	1	9	6	4	21	0	"Yes"
211	"S"	"F"	"M"	27	"Y"	1	"N"	1	7	3	5	7	7	1	7	22	17	26	0	"Yes"
