Participant	Sex	Age	NHumour1	NSexismF1	NSexismM1	NHumour2	NSexismF2	NSexismM2	NHumour3	NSexismF3	NSexismM3	NHumour4	NSexismF4	NSexismM4	NHumour5	NSexismF5	NSexismM5	NHumour6	NSexismF6	NSexismM6	NHumour7	NSexismF7	NSexismM7	NHumour8	NSexismF8	NSexismM8	FHumour1	FSexismF1	FSexismM1	FHumour2	FSexismF2	FSexismM2	FHumour3	FSexismF3	FSexismM3	FHumour4	FSexismF4	FSexismM4	FHumour5	FSexismF5	FSexismM5	FHumour6	FSexismF6	FSexismM6	FHumour7	FSexismF7	FSexismM7	FHumour8	FSexismF8	FSexismM8	HHumour1	HSexismF1	HSexismM1	HHumour2	HSexismF2	HSexismM2	HHumour3	HSexismF3	HSexismM3	HHumour4	HSexismF4	HSexismM4	HHumour5	HSexismF5	HSexismM5	HHumour6	HSexismF6	HSexismM6	HHumour7	HSexismF7	HSexismM7	HHumour8	HSexismF8	HSexismM8
1	"Female"	26	1	1	1	3	1	1	4	1	1	3	1	1	1	1	1	3	1	1	2	1	1	4	1	1	2	7	1	1	7	1	5	2	1	6	3	1	1	7	1	1	7	1	1	7	1	1	7	1	1	1	7	2	1	7	4	1	7	2	1	7	1	1	7	1	1	7	3	1	5	2	1	6
2	"Female"	30	1	1	1	1	1	1	3	1	1	3	1	1	2	1	1	2	1	1	1	1	1	1	1	1	1	7	1	1	7	1	1	7	1	1	7	1	1	7	1	1	7	1	1	7	1	1	7	1	1	1	7	1	1	7	1	1	7	1	1	7	1	1	7	1	1	7	1	1	7	1	1	7
3	"Female"	24	1	1	1	3	1	1	1	1	1	1	1	1	1	1	1	1	1	1	2	1	1	1	1	1	1	7	1	1	7	1	3	4	1	1	5	1	3	3	1	2	6	1	3	3	1	1	5	1	1	2	5	5	1	4	1	1	6	3	1	5	6	1	6	1	1	5	1	1	4	2	1	6
4	"Female"	30	2	1	1	2	1	3	4	1	1	4	1	1	2	1	1	2	1	1	2	1	1	2	1	1	1	7	1	1	7	1	1	7	1	1	7	1	1	6	1	1	7	1	1	7	1	1	6	1	1	1	7	2	1	5	3	1	7	2	1	6	1	1	7	2	1	6	1	1	6	2	1	6
5	"Male"	24	3	1	1	1	1	1	2	1	1	1	1	1	1	1	1	2	1	1	2	1	1	2	1	1	4	6	2	3	6	1	3	6	3	4	6	3	2	6	1	2	7	1	4	6	1	3	4	1	3	5	5	3	1	4	4	1	3	6	1	3	2	1	7	3	1	6	1	1	7	2	1	5
6	"Female"	26	1	1	1	1	1	1	1	1	1	1	1	1	3	1	1	3	1	1	1	1	1	2	1	1	4	1	1	5	1	1	4	1	1	4	1	1	2	2	1	3	2	1	1	4	1	4	1	1	3	1	2	2	1	1	3	2	1	5	1	2	7	1	1	5	1	2	2	1	1	6	1	2
7	"Female"	30	1	1	1	3	1	1	2	1	1	5	1	1	1	1	1	1	1	1	2	1	1	3	1	1	1	7	1	1	7	1	2	7	2	2	7	2	3	6	1	1	6	1	1	7	1	1	5	1	1	4	4	2	1	6	2	1	6	4	1	6	2	1	1	4	1	4	2	1	2	1	1	3
8	"Female"	26	2	1	1	3	1	1	5	1	1	1	1	1	5	1	1	5	1	1	3	1	1	5	1	1	1	7	1	1	6	1	5	4	1	1	7	1	3	5	1	5	6	1	1	7	1	1	5	1	1	1	7	5	1	5	5	1	5	1	1	5	2	1	5	2	1	4	2	1	5	1	1	5
9	"Female"	26	1	1	1	1	1	1	1	1	1	1	1	1	1	1	1	1	1	1	3	1	1	1	1	1	1	7	1	1	7	1	1	7	4	1	7	1	1	7	1	1	7	1	1	7	1	1	5	1	1	3	7	1	1	7	2	2	7	3	1	7	1	1	1	1	1	5	1	1	7	1	1	7
10	"Male"	23	2	1	1	4	1	1	3	1	1	3	1	1	2	1	1	3	1	1	4	1	1	2	1	1	1	7	1	5	7	1	1	6	1	5	6	1	5	6	1	4	7	1	6	3	1	5	7	1	1	1	6	2	1	7	4	1	4	1	1	6	1	1	4	1	1	1	1	1	5	4	1	3
11	"Female"	20	1	1	1	1	1	1	1	1	1	3	1	1	2	1	1	1	1	1	1	1	1	2	1	1	1	7	1	1	7	1	1	4	1	1	7	1	1	6	1	1	7	1	1	7	1	1	7	1	1	1	7	1	1	5	1	1	7	1	1	7	1	1	7	1	1	7	1	1	7	1	1	6
12	"Female"	27	1	1	1	1	1	1	3	1	1	3	1	1	2	1	1	5	1	1	3	1	1	3	1	1	2	5	1	5	4	1	5	3	1	3	5	1	4	4	1	5	5	1	4	4	1	5	4	1	4	1	5	5	4	1	5	1	3	4	1	4	4	1	3	4	1	4	4	1	5	5	1	4
13	"Female"	35	3	1	1	5	1	1	5	1	1	5	1	1	2	1	1	4	1	1	5	1	1	3	1	1	4	7	1	5	7	1	5	7	1	5	6	1	5	6	1	5	7	1	6	7	1	4	6	1	5	5	5	5	1	5	4	1	6	6	1	7	6	1	5	6	1	7	5	1	5	5	1	5
14	"Male"	24	3	1	1	4	1	1	3	1	1	6	1	1	2	1	1	1	1	1	4	1	1	4	1	1	5	6	1	2	7	1	5	4	1	6	4	1	4	6	1	4	5	1	5	2	1	4	6	1	4	1	3	4	1	6	5	1	2	2	1	5	3	1	5	5	1	5	6	1	2	5	1	5
15	"Female"	29	2	1	1	1	1	1	1	1	1	2	1	1	1	1	1	1	1	1	2	1	1	1	1	1	1	7	1	1	7	1	1	7	1	1	7	1	1	7	1	1	7	1	1	7	1	1	7	1	1	1	7	3	1	7	2	7	1	1	1	7	1	1	7	1	1	7	2	1	7	2	1	7
16	"Female"	27	2	1	1	2	1	1	1	1	1	2	1	1	1	1	1	2	1	1	2	1	1	3	1	1	1	4	3	1	5	1	1	3	2	1	4	3	2	5	1	1	5	1	2	6	1	1	5	1	1	1	6	1	1	6	1	1	7	2	1	6	1	1	5	1	3	3	1	1	6	1	1	4
17	"Female"	27	1	1	1	3	1	1	4	1	1	2	1	1	1	1	1	4	1	1	4	1	1	1	1	1	1	7	1	1	7	1	3	3	1	1	4	1	1	7	1	4	7	1	1	4	1	1	7	1	1	1	7	1	1	7	1	7	1	1	1	4	1	1	7	1	1	7	1	1	4	1	1	7
18	"Female"	27	1	1	1	1	1	1	5	1	1	6	1	1	6	1	1	5	1	1	6	1	1	5	1	1	4	7	1	4	7	1	4	7	1	7	7	1	5	1	1	5	7	1	2	4	1	4	7	1	1	1	7	4	1	7	5	6	1	4	1	7	5	1	6	4	1	7	4	1	7	5	1	7
19	"Female"	28	3	1	1	5	1	1	4	1	1	3	1	1	3	1	1	3	1	1	3	1	1	3	1	1	4	1	1	3	1	1	5	1	1	4	1	1	4	4	1	5	1	1	4	1	1	3	1	1	3	1	4	5	2	5	4	1	5	6	1	1	1	1	1	4	1	1	4	1	1	4	1	1
20	"Female"	26	1	1	1	6	1	1	2	1	1	1	1	1	1	1	1	2	1	1	2	1	1	2	1	1	2	5	1	2	6	1	1	1	1	2	6	1	2	5	1	1	2	1	1	1	1	3	6	1	1	1	5	1	1	5	4	1	6	2	1	5	1	1	6	1	1	1	2	1	3	1	1	3
21	"Male"	28	3	1	1	2	1	1	3	1	1	1	1	1	3	1	1	3	1	1	3	1	1	4	1	1	2	6	1	3	5	3	3	6	2	3	4	3	2	6	3	2	7	2	3	6	2	3	6	2	3	3	6	2	1	7	4	5	2	2	2	7	1	2	7	2	2	6	3	2	4	1	2	5
22	"Male"	29	1	1	1	2	1	1	1	1	1	2	1	1	1	1	1	1	1	1	1	1	1	1	1	1	1	4	4	2	5	2	5	5	2	4	1	1	2	5	5	1	3	1	1	2	1	2	5	4	1	4	4	1	1	3	1	5	4	1	1	3	1	1	3	1	1	3	2	1	5	1	1	5
23	"Female"	24	1	1	1	7	1	1	1	1	1	1	1	1	2	1	1	1	1	1	1	1	1	2	1	1	1	5	1	6	3	1	2	1	1	2	3	1	6	2	1	2	6	1	1	3	1	2	2	1	2	1	6	1	1	5	1	5	1	1	1	5	1	1	6	2	1	4	4	1	6	2	1	5
24	"Male"	23	3	1	1	6	1	1	4	1	1	5	1	1	4	1	1	5	1	1	4	1	1	3	1	1	4	7	2	6	6	2	6	3	2	5	7	4	5	6	3	4	7	2	7	7	2	3	7	1	4	7	7	4	2	6	5	5	4	4	2	6	4	1	7	4	1	6	4	2	5	1	1	5
25	"Female"	25	3	1	1	1	1	1	3	1	1	4	1	1	6	1	1	3	1	1	4	1	1	1	1	1	3	6	1	2	6	1	2	7	1	3	7	1	3	7	1	2	7	1	1	7	1	1	6	1	1	1	7	1	1	7	3	1	5	2	1	7	4	1	7	1	1	7	2	1	7	1	1	7
26	"Female"	30	4	1	1	4	1	1	4	1	1	3	1	1	3	1	1	4	1	1	4	1	1	4	1	1	1	3	1	1	5	1	3	5	1	3	4	1	2	4	2	2	4	1	2	5	1	1	6	1	3	1	5	3	1	4	4	1	5	5	1	5	2	1	6	3	1	5	4	1	6	3	1	5
27	"Female"	26	1	1	1	1	1	1	1	1	1	2	1	1	2	1	1	1	1	1	1	1	1	4	1	1	6	3	1	5	2	1	3	2	1	4	2	1	4	2	1	4	2	1	3	2	1	4	1	1	5	3	1	3	1	2	5	1	2	4	1	2	3	1	2	4	1	2	3	1	2	3	1	2
28	"Female"	26	2	1	1	1	1	1	2	1	1	2	1	1	1	1	1	1	1	1	1	1	1	2	1	1	1	7	1	1	7	1	2	6	1	2	7	1	1	5	1	1	7	1	1	7	1	2	7	1	2	1	7	3	1	7	3	1	5	2	1	7	2	1	6	4	1	1	2	1	6	2	1	6
29	"Male"	30	1	1	1	4	1	1	1	1	1	3	1	1	3	1	1	2	1	1	1	1	1	1	1	1	2	7	1	2	7	1	3	7	1	3	7	1	2	7	1	2	7	1	2	7	1	2	7	1	1	1	7	3	1	7	3	7	1	3	1	7	1	1	7	1	1	7	4	1	7	2	1	6
30	"Female"	27	2	1	1	1	1	1	3	1	1	1	1	1	4	1	1	3	1	1	2	1	1	2	1	1	1	7	1	1	7	1	1	4	1	1	7	1	1	6	1	1	5	1	2	5	1	2	6	1	2	6	5	2	1	4	3	1	4	1	1	6	2	1	6	2	1	7	3	1	4	2	1	5
31	"Male"	26	1	1	1	4	1	1	5	1	1	1	1	2	2	1	1	3	1	1	3	1	1	2	1	1	1	7	1	2	5	1	2	4	1	3	1	1	2	5	1	1	4	1	1	4	1	2	4	1	2	1	6	2	1	4	3	2	1	2	1	3	2	1	4	4	1	3	4	1	2	4	1	3
32	"Female"	25	1	1	1	1	1	1	1	1	1	3	1	1	4	1	1	1	1	1	1	1	1	1	1	1	3	7	1	4	6	1	4	4	4	1	7	1	4	6	1	4	6	1	3	6	1	3	5	1	2	3	3	2	1	7	2	1	6	3	1	6	2	1	6	5	1	6	3	1	6	5	1	6
33	"Female"	28	1	1	1	5	1	1	5	1	1	3	1	1	2	1	1	4	1	1	1	1	1	5	1	1	4	7	1	4	7	1	1	7	1	1	7	1	1	7	1	1	7	1	1	5	1	1	5	1	1	1	7	1	1	7	3	1	6	3	1	7	3	1	7	3	1	7	3	1	7	2	1	5
34	"Male"	28	1	1	1	1	1	1	1	1	1	1	1	1	1	1	1	1	1	1	1	1	1	1	1	1	1	6	1	1	5	1	1	5	2	1	1	1	2	6	1	1	5	1	1	5	1	1	4	1	1	1	4	1	1	4	1	1	3	3	1	1	1	1	3	1	1	5	1	1	5	1	1	3
35	"Female"	27	1	1	1	1	1	1	1	1	1	1	1	1	1	1	1	1	1	1	1	1	1	1	1	1	1	5	1	1	7	1	1	4	1	1	6	1	1	6	1	1	7	1	1	4	1	1	7	1	2	1	6	1	1	7	1	1	7	4	1	7	1	1	7	1	1	4	4	1	6	1	1	3
36	"Female"	25	3	1	1	2	1	1	3	1	1	4	1	3	4	1	1	4	1	1	3	2	2	3	1	1	1	4	1	3	4	3	3	5	2	2	5	3	2	7	3	3	5	1	1	5	1	3	5	3	1	3	5	3	3	5	3	2	6	2	1	4	3	1	5	4	2	5	1	1	4	3	2	5
37	"Female"	29	1	1	1	1	1	1	1	1	1	3	1	1	1	1	1	1	1	1	1	1	1	1	1	1	1	5	1	1	7	1	2	7	1	1	6	1	1	7	1	1	6	1	1	5	1	1	6	1	1	1	6	1	1	6	1	1	5	1	1	6	1	1	6	3	1	5	2	1	6	1	1	5
38	"Female"	23	1	1	1	1	1	1	3	1	1	2	1	3	2	1	1	2	1	1	2	1	1	1	1	1	1	5	1	3	5	3	2	5	1	2	5	2	1	5	1	1	6	1	1	5	1	2	5	1	1	1	5	1	1	5	1	1	5	1	1	5	2	1	5	1	1	6	1	1	4	1	1	5
39	"Male"	22	1	1	1	4	1	1	3	1	1	1	1	1	4	1	1	1	1	1	1	1	1	1	1	1	4	4	4	5	4	4	4	4	1	5	4	1	3	2	1	3	3	1	5	4	1	4	4	4	2	1	2	4	1	2	4	1	2	4	1	3	6	1	2	4	1	2	4	1	1	2	1	1
40	"Female"	24	4	1	1	4	1	1	5	1	1	1	1	1	3	1	1	3	1	1	4	1	1	3	1	1	2	3	3	4	2	1	5	1	1	6	2	1	3	2	1	2	3	1	3	2	1	3	4	1	1	1	6	3	1	5	5	1	3	4	1	6	2	1	4	6	1	5	5	1	6	3	1	2
41	"Female"	25	2	1	1	3	1	1	3	1	1	3	1	3	1	1	1	3	1	1	4	1	1	2	1	1	1	7	2	1	7	1	2	6	2	1	7	3	1	7	1	2	6	1	1	5	1	1	6	2	1	1	6	1	1	6	4	1	7	3	1	6	1	1	7	3	1	7	2	1	7	3	1	6
42	"Female"	27	1	1	1	1	1	1	2	1	1	1	1	1	3	1	1	2	1	1	2	1	1	2	1	1	3	4	1	3	3	1	4	4	1	3	4	2	2	4	1	3	3	1	4	3	1	2	3	1	2	1	3	3	1	3	3	6	1	2	1	4	4	1	3	3	1	3	3	1	5	2	1	3
43	"Female"	21	4	1	1	4	1	1	3	1	1	2	1	1	3	1	1	3	1	1	3	1	1	3	1	1	4	3	1	5	4	1	5	4	1	4	4	1	4	4	1	4	4	1	4	3	1	4	4	1	6	3	4	5	1	4	5	1	4	6	1	4	5	1	4	3	1	3	5	1	4	6	1	4
44	"Female"	24	1	1	1	3	1	1	5	1	1	3	1	1	4	1	1	5	1	1	5	1	1	1	1	1	1	5	1	1	6	1	4	2	1	1	7	1	1	3	1	1	6	1	1	1	1	1	5	1	1	1	6	5	1	4	5	1	4	1	1	5	3	1	1	1	1	1	1	1	1	1	1	2
45	"Male"	28	1	1	1	1	1	1	2	1	1	6	1	1	5	1	1	5	1	1	2	1	1	2	1	1	1	7	1	4	7	1	1	7	1	4	6	1	1	7	1	3	7	1	4	6	1	1	7	1	1	1	6	1	1	6	2	1	4	3	1	4	1	1	1	3	1	5	3	1	7	2	1	5
46	"Male"	27	1	1	1	4	1	1	4	1	1	7	1	1	2	1	1	1	1	1	4	1	1	4	1	1	1	7	1	4	7	1	4	7	1	4	7	1	4	7	1	4	7	1	7	4	1	4	7	1	1	1	7	4	1	7	1	1	7	4	1	7	4	1	7	4	1	7	7	1	7	4	1	7
47	"Female"	18	1	1	1	2	1	1	5	1	1	1	1	1	1	1	1	1	1	1	1	1	1	4	1	1	1	7	1	2	4	1	4	4	1	1	1	2	3	3	1	3	4	1	1	1	1	1	4	1	4	1	5	4	1	5	3	1	7	3	1	4	1	1	5	3	1	5	1	1	5	4	1	5
48	"Female"	30	3	1	1	2	1	1	5	1	1	4	1	1	1	1	1	4	1	1	5	1	1	1	1	1	1	3	1	3	4	1	2	2	1	2	2	1	1	1	1	3	1	1	2	2	1	4	2	1	3	1	6	7	1	6	2	7	1	1	1	6	3	1	6	5	1	6	3	1	4	4	1	6
49	"Female"	29	1	1	1	1	1	1	1	1	1	1	1	1	1	1	1	1	1	1	1	1	1	1	1	1	1	7	1	1	7	1	1	7	1	1	7	1	1	7	1	1	7	1	1	7	1	1	7	1	1	1	7	1	1	7	1	1	7	1	1	7	1	1	7	1	1	7	4	1	7	1	1	7
50	"Female"	30	1	1	1	1	1	1	4	1	1	1	1	1	1	1	1	4	1	1	2	1	1	3	1	1	5	7	1	5	5	1	5	5	1	6	5	1	5	5	1	1	6	1	1	7	1	3	3	1	3	1	6	5	1	5	5	7	1	4	1	1	4	1	3	4	1	4	2	1	1	4	1	1
